-5.3439994
,
-0.7682282
,


-5.636802
,
-0.58124924
,


-6.0074387
,
-0.44186327
,


0.62611306
,
0.63524604
,


0.106436215
,

0.11119363
,

0.12216554
,

-0.1484484
,

2.6737382
,
3.6897821
,
3.7620575
,
-0.938671
,


0.43559173
,
-0.29362497
,
0.81171995
,
-1.0459658
,


1.5272835
,
2.139019
,
2.3687425
,
-1.2216004
,


0.38246575
,
0.44347897
,
-0.7249636
,
-0.76219785
,


0.8046359
,
0.7727158
,
-0.8265495
,
-0.68299913
,


0.70071626
,
-0.8523514
,
-0.48283982
,
0.16811687
,


0.65109354
,
-0.22531658
,
-0.89561385
,
-0.07485408
,


0.56727207
,
0.32707188
,
-0.23852076
,
-0.4104509
,


-0.8665372
,

-1.0963968
,

-0.36176714
,

-0.43244648
,

0.25161332
,

0.27043176
,

-0.27386224
,

-0.27475122
,

5.2404156
,
1.3490489
,
3.3140907
,
-0.33253407
,


-2.4495618
,

